data;
set currencySet := GBP EUR SEK USD ;
set tenorSet := 6M 3M ;
set oisSet := 1 2 3 4 5 6 7 8 9 10 11 12 13 14 15 16 17 18 19 20 ;
param maxOisN := 10;
param oisNfix := 1 1 2 3 3 5 4 8 5 10 6 1 7 3 8 5 9 8 10 10 11 1 12 3 13 5 14 8 15 10 16 1 17 3 18 5 19 8 20 10 ;
param oisNflt := 1 1 2 3 3 5 4 8 5 10 6 1 7 3 8 5 9 8 10 10 11 1 12 3 13 5 14 8 15 10 16 1 17 3 18 5 19 8 20 10 ;
param oistFix : 1 2 3 4 5 6 7 8 9 10 :=
         1 10 -1 -1 -1 -1 -1 -1 -1 -1 -1 
         2 10 22 34 -1 -1 -1 -1 -1 -1 -1 
         3 10 22 34 46 57 -1 -1 -1 -1 -1 
         4 10 22 34 46 57 68 79 91 -1 -1 
         5 10 22 34 46 57 68 79 91 102 113 
         6 10 -1 -1 -1 -1 -1 -1 -1 -1 -1 
         7 10 22 34 -1 -1 -1 -1 -1 -1 -1 
         8 10 22 34 46 57 -1 -1 -1 -1 -1 
         9 10 22 34 46 57 68 79 91 -1 -1 
        10 10 22 34 46 57 68 79 91 102 113 
        11 10 -1 -1 -1 -1 -1 -1 -1 -1 -1 
        12 10 22 34 -1 -1 -1 -1 -1 -1 -1 
        13 10 22 34 46 57 -1 -1 -1 -1 -1 
        14 10 22 34 46 57 68 79 91 -1 -1 
        15 10 22 34 46 57 68 79 91 102 113 
        16 10 -1 -1 -1 -1 -1 -1 -1 -1 -1 
        17 10 22 34 -1 -1 -1 -1 -1 -1 -1 
        18 10 22 34 46 57 -1 -1 -1 -1 -1 
        19 10 22 34 46 57 68 79 91 -1 -1 
        20 10 22 34 46 57 68 79 91 102 113 
;
param oisdtFix : 1 2 3 4 5 6 7 8 9 10 :=
         1 1.01388888889 0 0 0 0 0 0 0 0 0 
         2 1.01388888889 1.01944444444 1.01111111111 0 0 0 0 0 0 0 
         3 1.01388888889 1.01944444444 1.01111111111 1.01388888889 1.01388888889 0 0 0 0 0 
         4 1.01388888889 1.01944444444 1.01111111111 1.01388888889 1.01388888889 1.01388888889 1.01388888889 1.01944444444 0 0 
         5 1.01388888889 1.01944444444 1.01111111111 1.01388888889 1.01388888889 1.01388888889 1.01388888889 1.01944444444 1.01111111111 1.01388888889 
         6 1.01388888889 0 0 0 0 0 0 0 0 0 
         7 1.01388888889 1.01944444444 1.01111111111 0 0 0 0 0 0 0 
         8 1.01388888889 1.01944444444 1.01111111111 1.01388888889 1.01388888889 0 0 0 0 0 
         9 1.01388888889 1.01944444444 1.01111111111 1.01388888889 1.01388888889 1.01388888889 1.01388888889 1.01944444444 0 0 
        10 1.01388888889 1.01944444444 1.01111111111 1.01388888889 1.01388888889 1.01388888889 1.01388888889 1.01944444444 1.01111111111 1.01388888889 
        11 1.01388888889 0 0 0 0 0 0 0 0 0 
        12 1.01388888889 1.01944444444 1.01111111111 0 0 0 0 0 0 0 
        13 1.01388888889 1.01944444444 1.01111111111 1.01388888889 1.01388888889 0 0 0 0 0 
        14 1.01388888889 1.01944444444 1.01111111111 1.01388888889 1.01388888889 1.01388888889 1.01388888889 1.01944444444 0 0 
        15 1.01388888889 1.01944444444 1.01111111111 1.01388888889 1.01388888889 1.01388888889 1.01388888889 1.01944444444 1.01111111111 1.01388888889 
        16 1.01388888889 0 0 0 0 0 0 0 0 0 
        17 1.01388888889 1.01944444444 1.01111111111 0 0 0 0 0 0 0 
        18 1.01388888889 1.01944444444 1.01111111111 1.01388888889 1.01388888889 0 0 0 0 0 
        19 1.01388888889 1.01944444444 1.01111111111 1.01388888889 1.01388888889 1.01388888889 1.01388888889 1.01944444444 0 0 
        20 1.01388888889 1.01944444444 1.01111111111 1.01388888889 1.01388888889 1.01388888889 1.01388888889 1.01944444444 1.01111111111 1.01388888889 
;
param oistFlt : 1 2 3 4 5 6 7 8 9 10 :=
         1 10 -1 -1 -1 -1 -1 -1 -1 -1 -1 
         2 10 22 34 -1 -1 -1 -1 -1 -1 -1 
         3 10 22 34 46 57 -1 -1 -1 -1 -1 
         4 10 22 34 46 57 68 79 91 -1 -1 
         5 10 22 34 46 57 68 79 91 102 113 
         6 10 -1 -1 -1 -1 -1 -1 -1 -1 -1 
         7 10 22 34 -1 -1 -1 -1 -1 -1 -1 
         8 10 22 34 46 57 -1 -1 -1 -1 -1 
         9 10 22 34 46 57 68 79 91 -1 -1 
        10 10 22 34 46 57 68 79 91 102 113 
        11 10 -1 -1 -1 -1 -1 -1 -1 -1 -1 
        12 10 22 34 -1 -1 -1 -1 -1 -1 -1 
        13 10 22 34 46 57 -1 -1 -1 -1 -1 
        14 10 22 34 46 57 68 79 91 -1 -1 
        15 10 22 34 46 57 68 79 91 102 113 
        16 10 -1 -1 -1 -1 -1 -1 -1 -1 -1 
        17 10 22 34 -1 -1 -1 -1 -1 -1 -1 
        18 10 22 34 46 57 -1 -1 -1 -1 -1 
        19 10 22 34 46 57 68 79 91 -1 -1 
        20 10 22 34 46 57 68 79 91 102 113 
;
param oisdtFlt : 1 2 3 4 5 6 7 8 9 10 :=
         1 1.01388888889 0 0 0 0 0 0 0 0 0 
         2 1.01388888889 1.01944444444 1.01111111111 0 0 0 0 0 0 0 
         3 1.01388888889 1.01944444444 1.01111111111 1.01388888889 1.01388888889 0 0 0 0 0 
         4 1.01388888889 1.01944444444 1.01111111111 1.01388888889 1.01388888889 1.01388888889 1.01388888889 1.01944444444 0 0 
         5 1.01388888889 1.01944444444 1.01111111111 1.01388888889 1.01388888889 1.01388888889 1.01388888889 1.01944444444 1.01111111111 1.01388888889 
         6 1.01388888889 0 0 0 0 0 0 0 0 0 
         7 1.01388888889 1.01944444444 1.01111111111 0 0 0 0 0 0 0 
         8 1.01388888889 1.01944444444 1.01111111111 1.01388888889 1.01388888889 0 0 0 0 0 
         9 1.01388888889 1.01944444444 1.01111111111 1.01388888889 1.01388888889 1.01388888889 1.01388888889 1.01944444444 0 0 
        10 1.01388888889 1.01944444444 1.01111111111 1.01388888889 1.01388888889 1.01388888889 1.01388888889 1.01944444444 1.01111111111 1.01388888889 
        11 1.01388888889 0 0 0 0 0 0 0 0 0 
        12 1.01388888889 1.01944444444 1.01111111111 0 0 0 0 0 0 0 
        13 1.01388888889 1.01944444444 1.01111111111 1.01388888889 1.01388888889 0 0 0 0 0 
        14 1.01388888889 1.01944444444 1.01111111111 1.01388888889 1.01388888889 1.01388888889 1.01388888889 1.01944444444 0 0 
        15 1.01388888889 1.01944444444 1.01111111111 1.01388888889 1.01388888889 1.01388888889 1.01388888889 1.01944444444 1.01111111111 1.01388888889 
        16 1.01388888889 0 0 0 0 0 0 0 0 0 
        17 1.01388888889 1.01944444444 1.01111111111 0 0 0 0 0 0 0 
        18 1.01388888889 1.01944444444 1.01111111111 1.01388888889 1.01388888889 0 0 0 0 0 
        19 1.01388888889 1.01944444444 1.01111111111 1.01388888889 1.01388888889 1.01388888889 1.01388888889 1.01944444444 0 0 
        20 1.01388888889 1.01944444444 1.01111111111 1.01388888889 1.01388888889 1.01388888889 1.01388888889 1.01944444444 1.01111111111 1.01388888889 
;
param oist0 := 1 0 2 0 3 0 4 0 5 0 6 0 7 0 8 0 9 0 10 0 11 0 12 0 13 0 14 0 15 0 16 0 17 0 18 0 19 0 20 0 ;
set irsSet := 21 22 23 24 25 26 27 28 29 30 31 32 33 34 35 36 37 38 39 ;
param maxIrsN := 40;
param irsNfix := 21 1 22 2 23 5 24 7 25 10 26 2 27 4 28 10 29 14 30 20 31 4 32 10 33 14 34 20 35 1 36 2 37 5 38 7 39 10 ;
param irsNflt := 21 4 22 8 23 20 24 28 25 40 26 4 27 8 28 20 29 28 30 40 31 4 32 10 33 14 34 20 35 4 36 8 37 20 38 28 39 40 ;
param irstFix : 1 2 3 4 5 6 7 8 9 10 11 12 13 14 15 16 17 18 19 20 21 22 23 24 25 26 27 28 29 30 31 32 33 34 35 36 37 38 39 40 :=
        21 10 -1 -1 -1 -1 -1 -1 -1 -1 -1 -1 -1 -1 -1 -1 -1 -1 -1 -1 -1 -1 -1 -1 -1 -1 -1 -1 -1 -1 -1 -1 -1 -1 -1 -1 -1 -1 -1 -1 -1 
        22 10 22 -1 -1 -1 -1 -1 -1 -1 -1 -1 -1 -1 -1 -1 -1 -1 -1 -1 -1 -1 -1 -1 -1 -1 -1 -1 -1 -1 -1 -1 -1 -1 -1 -1 -1 -1 -1 -1 -1 
        23 10 22 34 46 57 -1 -1 -1 -1 -1 -1 -1 -1 -1 -1 -1 -1 -1 -1 -1 -1 -1 -1 -1 -1 -1 -1 -1 -1 -1 -1 -1 -1 -1 -1 -1 -1 -1 -1 -1 
        24 10 22 34 46 57 68 79 -1 -1 -1 -1 -1 -1 -1 -1 -1 -1 -1 -1 -1 -1 -1 -1 -1 -1 -1 -1 -1 -1 -1 -1 -1 -1 -1 -1 -1 -1 -1 -1 -1 
        25 10 22 34 46 57 68 79 91 102 113 -1 -1 -1 -1 -1 -1 -1 -1 -1 -1 -1 -1 -1 -1 -1 -1 -1 -1 -1 -1 -1 -1 -1 -1 -1 -1 -1 -1 -1 -1 
        26 5 10 -1 -1 -1 -1 -1 -1 -1 -1 -1 -1 -1 -1 -1 -1 -1 -1 -1 -1 -1 -1 -1 -1 -1 -1 -1 -1 -1 -1 -1 -1 -1 -1 -1 -1 -1 -1 -1 -1 
        27 5 10 16 22 -1 -1 -1 -1 -1 -1 -1 -1 -1 -1 -1 -1 -1 -1 -1 -1 -1 -1 -1 -1 -1 -1 -1 -1 -1 -1 -1 -1 -1 -1 -1 -1 -1 -1 -1 -1 
        28 5 10 16 22 29 34 40 46 52 57 -1 -1 -1 -1 -1 -1 -1 -1 -1 -1 -1 -1 -1 -1 -1 -1 -1 -1 -1 -1 -1 -1 -1 -1 -1 -1 -1 -1 -1 -1 
        29 5 10 16 22 29 34 40 46 52 57 63 68 74 79 -1 -1 -1 -1 -1 -1 -1 -1 -1 -1 -1 -1 -1 -1 -1 -1 -1 -1 -1 -1 -1 -1 -1 -1 -1 -1 
        30 5 10 16 22 29 34 40 46 52 57 63 68 74 79 85 91 97 102 108 113 -1 -1 -1 -1 -1 -1 -1 -1 -1 -1 -1 -1 -1 -1 -1 -1 -1 -1 -1 -1 
        31 5 10 16 22 -1 -1 -1 -1 -1 -1 -1 -1 -1 -1 -1 -1 -1 -1 -1 -1 -1 -1 -1 -1 -1 -1 -1 -1 -1 -1 -1 -1 -1 -1 -1 -1 -1 -1 -1 -1 
        32 5 10 16 22 28 34 40 46 52 57 -1 -1 -1 -1 -1 -1 -1 -1 -1 -1 -1 -1 -1 -1 -1 -1 -1 -1 -1 -1 -1 -1 -1 -1 -1 -1 -1 -1 -1 -1 
        33 5 10 16 22 28 34 40 46 52 57 63 68 74 79 -1 -1 -1 -1 -1 -1 -1 -1 -1 -1 -1 -1 -1 -1 -1 -1 -1 -1 -1 -1 -1 -1 -1 -1 -1 -1 
        34 5 10 16 22 28 34 40 46 52 57 63 68 74 79 85 91 97 102 108 113 -1 -1 -1 -1 -1 -1 -1 -1 -1 -1 -1 -1 -1 -1 -1 -1 -1 -1 -1 -1 
        35 10 -1 -1 -1 -1 -1 -1 -1 -1 -1 -1 -1 -1 -1 -1 -1 -1 -1 -1 -1 -1 -1 -1 -1 -1 -1 -1 -1 -1 -1 -1 -1 -1 -1 -1 -1 -1 -1 -1 -1 
        36 10 22 -1 -1 -1 -1 -1 -1 -1 -1 -1 -1 -1 -1 -1 -1 -1 -1 -1 -1 -1 -1 -1 -1 -1 -1 -1 -1 -1 -1 -1 -1 -1 -1 -1 -1 -1 -1 -1 -1 
        37 10 22 34 46 57 -1 -1 -1 -1 -1 -1 -1 -1 -1 -1 -1 -1 -1 -1 -1 -1 -1 -1 -1 -1 -1 -1 -1 -1 -1 -1 -1 -1 -1 -1 -1 -1 -1 -1 -1 
        38 10 22 34 46 57 68 79 -1 -1 -1 -1 -1 -1 -1 -1 -1 -1 -1 -1 -1 -1 -1 -1 -1 -1 -1 -1 -1 -1 -1 -1 -1 -1 -1 -1 -1 -1 -1 -1 -1 
        39 10 22 34 46 57 68 79 91 102 113 -1 -1 -1 -1 -1 -1 -1 -1 -1 -1 -1 -1 -1 -1 -1 -1 -1 -1 -1 -1 -1 -1 -1 -1 -1 -1 -1 -1 -1 -1 
;
param irsdtFix : 1 2 3 4 5 6 7 8 9 10 11 12 13 14 15 16 17 18 19 20 21 22 23 24 25 26 27 28 29 30 31 32 33 34 35 36 37 38 39 40 :=
        21 1.01388888889 0 0 0 0 0 0 0 0 0 0 0 0 0 0 0 0 0 0 0 0 0 0 0 0 0 0 0 0 0 0 0 0 0 0 0 0 0 0 0 
        22 1.01388888889 1.01944444444 0 0 0 0 0 0 0 0 0 0 0 0 0 0 0 0 0 0 0 0 0 0 0 0 0 0 0 0 0 0 0 0 0 0 0 0 0 0 
        23 1.01388888889 1.01944444444 1.01111111111 1.01388888889 1.01388888889 0 0 0 0 0 0 0 0 0 0 0 0 0 0 0 0 0 0 0 0 0 0 0 0 0 0 0 0 0 0 0 0 0 0 0 
        24 1.01388888889 1.01944444444 1.01111111111 1.01388888889 1.01388888889 1.01388888889 1.01388888889 0 0 0 0 0 0 0 0 0 0 0 0 0 0 0 0 0 0 0 0 0 0 0 0 0 0 0 0 0 0 0 0 0 
        25 1.01388888889 1.01944444444 1.01111111111 1.01388888889 1.01388888889 1.01388888889 1.01388888889 1.01944444444 1.01111111111 1.01388888889 0 0 0 0 0 0 0 0 0 0 0 0 0 0 0 0 0 0 0 0 0 0 0 0 0 0 0 0 0 0 
        26 0.516666666667 0.497222222222 0 0 0 0 0 0 0 0 0 0 0 0 0 0 0 0 0 0 0 0 0 0 0 0 0 0 0 0 0 0 0 0 0 0 0 0 0 0 
        27 0.516666666667 0.497222222222 0.513888888889 0.505555555556 0 0 0 0 0 0 0 0 0 0 0 0 0 0 0 0 0 0 0 0 0 0 0 0 0 0 0 0 0 0 0 0 0 0 0 0 
        28 0.516666666667 0.497222222222 0.513888888889 0.505555555556 0.508333333333 0.502777777778 0.508333333333 0.505555555556 0.511111111111 0.502777777778 0 0 0 0 0 0 0 0 0 0 0 0 0 0 0 0 0 0 0 0 0 0 0 0 0 0 0 0 0 0 
        29 0.516666666667 0.497222222222 0.513888888889 0.505555555556 0.508333333333 0.502777777778 0.508333333333 0.505555555556 0.511111111111 0.502777777778 0.511111111111 0.502777777778 0.516666666667 0.497222222222 0 0 0 0 0 0 0 0 0 0 0 0 0 0 0 0 0 0 0 0 0 0 0 0 0 0 
        30 0.516666666667 0.497222222222 0.513888888889 0.505555555556 0.508333333333 0.502777777778 0.508333333333 0.505555555556 0.511111111111 0.502777777778 0.511111111111 0.502777777778 0.516666666667 0.497222222222 0.513888888889 0.505555555556 0.508333333333 0.502777777778 0.511111111111 0.502777777778 0 0 0 0 0 0 0 0 0 0 0 0 0 0 0 0 0 0 0 0 
        31 0.516666666667 0.497222222222 0.513888888889 0.505555555556 0 0 0 0 0 0 0 0 0 0 0 0 0 0 0 0 0 0 0 0 0 0 0 0 0 0 0 0 0 0 0 0 0 0 0 0 
        32 0.516666666667 0.497222222222 0.513888888889 0.505555555556 0.505555555556 0.505555555556 0.508333333333 0.505555555556 0.511111111111 0.502777777778 0 0 0 0 0 0 0 0 0 0 0 0 0 0 0 0 0 0 0 0 0 0 0 0 0 0 0 0 0 0 
        33 0.516666666667 0.497222222222 0.513888888889 0.505555555556 0.505555555556 0.505555555556 0.508333333333 0.505555555556 0.511111111111 0.502777777778 0.511111111111 0.502777777778 0.516666666667 0.497222222222 0 0 0 0 0 0 0 0 0 0 0 0 0 0 0 0 0 0 0 0 0 0 0 0 0 0 
        34 0.516666666667 0.497222222222 0.513888888889 0.505555555556 0.505555555556 0.505555555556 0.508333333333 0.505555555556 0.511111111111 0.502777777778 0.511111111111 0.502777777778 0.516666666667 0.497222222222 0.513888888889 0.505555555556 0.508333333333 0.502777777778 0.511111111111 0.502777777778 0 0 0 0 0 0 0 0 0 0 0 0 0 0 0 0 0 0 0 0 
        35 1.01388888889 0 0 0 0 0 0 0 0 0 0 0 0 0 0 0 0 0 0 0 0 0 0 0 0 0 0 0 0 0 0 0 0 0 0 0 0 0 0 0 
        36 1.01388888889 1.01944444444 0 0 0 0 0 0 0 0 0 0 0 0 0 0 0 0 0 0 0 0 0 0 0 0 0 0 0 0 0 0 0 0 0 0 0 0 0 0 
        37 1.01388888889 1.01944444444 1.01111111111 1.01388888889 1.01388888889 0 0 0 0 0 0 0 0 0 0 0 0 0 0 0 0 0 0 0 0 0 0 0 0 0 0 0 0 0 0 0 0 0 0 0 
        38 1.01388888889 1.01944444444 1.01111111111 1.01388888889 1.01388888889 1.01388888889 1.01388888889 0 0 0 0 0 0 0 0 0 0 0 0 0 0 0 0 0 0 0 0 0 0 0 0 0 0 0 0 0 0 0 0 0 
        39 1.01388888889 1.01944444444 1.01111111111 1.01388888889 1.01388888889 1.01388888889 1.01388888889 1.01944444444 1.01111111111 1.01388888889 0 0 0 0 0 0 0 0 0 0 0 0 0 0 0 0 0 0 0 0 0 0 0 0 0 0 0 0 0 0 
;
param irstFlt : 1 2 3 4 5 6 7 8 9 10 11 12 13 14 15 16 17 18 19 20 21 22 23 24 25 26 27 28 29 30 31 32 33 34 35 36 37 38 39 40 :=
        21 2 5 8 10 -1 -1 -1 -1 -1 -1 -1 -1 -1 -1 -1 -1 -1 -1 -1 -1 -1 -1 -1 -1 -1 -1 -1 -1 -1 -1 -1 -1 -1 -1 -1 -1 -1 -1 -1 -1 
        22 2 5 8 10 13 16 19 22 -1 -1 -1 -1 -1 -1 -1 -1 -1 -1 -1 -1 -1 -1 -1 -1 -1 -1 -1 -1 -1 -1 -1 -1 -1 -1 -1 -1 -1 -1 -1 -1 
        23 2 5 8 10 13 16 19 22 25 28 32 34 37 40 43 46 49 52 55 57 -1 -1 -1 -1 -1 -1 -1 -1 -1 -1 -1 -1 -1 -1 -1 -1 -1 -1 -1 -1 
        24 2 5 8 10 13 16 19 22 25 28 32 34 37 40 43 46 49 52 55 57 60 63 66 68 71 74 77 79 -1 -1 -1 -1 -1 -1 -1 -1 -1 -1 -1 -1 
        25 2 5 8 10 13 16 19 22 25 28 32 34 37 40 43 46 49 52 55 57 60 63 66 68 71 74 77 79 82 85 88 91 94 97 100 102 105 108 111 113 
        26 2 5 8 10 -1 -1 -1 -1 -1 -1 -1 -1 -1 -1 -1 -1 -1 -1 -1 -1 -1 -1 -1 -1 -1 -1 -1 -1 -1 -1 -1 -1 -1 -1 -1 -1 -1 -1 -1 -1 
        27 2 5 8 10 13 16 19 22 -1 -1 -1 -1 -1 -1 -1 -1 -1 -1 -1 -1 -1 -1 -1 -1 -1 -1 -1 -1 -1 -1 -1 -1 -1 -1 -1 -1 -1 -1 -1 -1 
        28 2 5 8 10 13 16 19 22 25 29 32 34 37 40 43 46 49 52 55 57 -1 -1 -1 -1 -1 -1 -1 -1 -1 -1 -1 -1 -1 -1 -1 -1 -1 -1 -1 -1 
        29 2 5 8 10 13 16 19 22 25 29 32 34 37 40 43 46 49 52 55 57 60 63 66 68 71 74 77 79 -1 -1 -1 -1 -1 -1 -1 -1 -1 -1 -1 -1 
        30 2 5 8 10 13 16 19 22 25 29 32 34 37 40 43 46 49 52 55 57 60 63 66 68 71 74 77 79 82 85 88 91 94 97 100 102 105 108 111 113 
        31 5 10 16 22 -1 -1 -1 -1 -1 -1 -1 -1 -1 -1 -1 -1 -1 -1 -1 -1 -1 -1 -1 -1 -1 -1 -1 -1 -1 -1 -1 -1 -1 -1 -1 -1 -1 -1 -1 -1 
        32 5 10 16 22 28 34 40 46 52 57 -1 -1 -1 -1 -1 -1 -1 -1 -1 -1 -1 -1 -1 -1 -1 -1 -1 -1 -1 -1 -1 -1 -1 -1 -1 -1 -1 -1 -1 -1 
        33 5 10 16 22 28 34 40 46 52 57 63 68 74 79 -1 -1 -1 -1 -1 -1 -1 -1 -1 -1 -1 -1 -1 -1 -1 -1 -1 -1 -1 -1 -1 -1 -1 -1 -1 -1 
        34 5 10 16 22 28 34 40 46 52 57 63 68 74 79 85 91 97 102 108 113 -1 -1 -1 -1 -1 -1 -1 -1 -1 -1 -1 -1 -1 -1 -1 -1 -1 -1 -1 -1 
        35 2 5 8 10 -1 -1 -1 -1 -1 -1 -1 -1 -1 -1 -1 -1 -1 -1 -1 -1 -1 -1 -1 -1 -1 -1 -1 -1 -1 -1 -1 -1 -1 -1 -1 -1 -1 -1 -1 -1 
        36 2 5 8 10 13 16 19 22 -1 -1 -1 -1 -1 -1 -1 -1 -1 -1 -1 -1 -1 -1 -1 -1 -1 -1 -1 -1 -1 -1 -1 -1 -1 -1 -1 -1 -1 -1 -1 -1 
        37 2 5 8 10 13 16 19 22 25 28 32 34 37 40 43 46 49 52 55 57 -1 -1 -1 -1 -1 -1 -1 -1 -1 -1 -1 -1 -1 -1 -1 -1 -1 -1 -1 -1 
        38 2 5 8 10 13 16 19 22 25 28 32 34 37 40 43 46 49 52 55 57 60 63 66 68 71 74 77 79 -1 -1 -1 -1 -1 -1 -1 -1 -1 -1 -1 -1 
        39 2 5 8 10 13 16 19 22 25 28 32 34 37 40 43 46 49 52 55 57 60 63 66 68 71 74 77 79 82 85 88 91 94 97 100 102 105 108 111 113 
;
param irsdtFlt : 1 2 3 4 5 6 7 8 9 10 11 12 13 14 15 16 17 18 19 20 21 22 23 24 25 26 27 28 29 30 31 32 33 34 35 36 37 38 39 40 :=
        21 0.255555555556 0.261111111111 0.252777777778 0.244444444444 0 0 0 0 0 0 0 0 0 0 0 0 0 0 0 0 0 0 0 0 0 0 0 0 0 0 0 0 0 0 0 0 0 0 0 0 
        22 0.255555555556 0.261111111111 0.252777777778 0.244444444444 0.261111111111 0.252777777778 0.252777777778 0.252777777778 0 0 0 0 0 0 0 0 0 0 0 0 0 0 0 0 0 0 0 0 0 0 0 0 0 0 0 0 0 0 0 0 
        23 0.255555555556 0.261111111111 0.252777777778 0.244444444444 0.261111111111 0.252777777778 0.252777777778 0.252777777778 0.252777777778 0.252777777778 0.255555555556 0.25 0.252777777778 0.255555555556 0.255555555556 0.25 0.255555555556 0.255555555556 0.255555555556 0.247222222222 0 0 0 0 0 0 0 0 0 0 0 0 0 0 0 0 0 0 0 0 
        24 0.255555555556 0.261111111111 0.252777777778 0.244444444444 0.261111111111 0.252777777778 0.252777777778 0.252777777778 0.252777777778 0.252777777778 0.255555555556 0.25 0.252777777778 0.255555555556 0.255555555556 0.25 0.255555555556 0.255555555556 0.255555555556 0.247222222222 0.255555555556 0.255555555556 0.261111111111 0.241666666667 0.255555555556 0.261111111111 0.252777777778 0.244444444444 0 0 0 0 0 0 0 0 0 0 0 0 
        25 0.255555555556 0.261111111111 0.252777777778 0.244444444444 0.261111111111 0.252777777778 0.252777777778 0.252777777778 0.252777777778 0.252777777778 0.255555555556 0.25 0.252777777778 0.255555555556 0.255555555556 0.25 0.255555555556 0.255555555556 0.255555555556 0.247222222222 0.255555555556 0.255555555556 0.261111111111 0.241666666667 0.255555555556 0.261111111111 0.252777777778 0.244444444444 0.261111111111 0.252777777778 0.252777777778 0.252777777778 0.252777777778 0.255555555556 0.255555555556 0.247222222222 0.255555555556 0.255555555556 0.255555555556 0.247222222222 
        26 0.255555555556 0.261111111111 0.252777777778 0.244444444444 0 0 0 0 0 0 0 0 0 0 0 0 0 0 0 0 0 0 0 0 0 0 0 0 0 0 0 0 0 0 0 0 0 0 0 0 
        27 0.255555555556 0.261111111111 0.252777777778 0.244444444444 0.261111111111 0.252777777778 0.252777777778 0.252777777778 0 0 0 0 0 0 0 0 0 0 0 0 0 0 0 0 0 0 0 0 0 0 0 0 0 0 0 0 0 0 0 0 
        28 0.255555555556 0.261111111111 0.252777777778 0.244444444444 0.261111111111 0.252777777778 0.252777777778 0.252777777778 0.252777777778 0.255555555556 0.252777777778 0.25 0.252777777778 0.255555555556 0.255555555556 0.25 0.255555555556 0.255555555556 0.255555555556 0.247222222222 0 0 0 0 0 0 0 0 0 0 0 0 0 0 0 0 0 0 0 0 
        29 0.255555555556 0.261111111111 0.252777777778 0.244444444444 0.261111111111 0.252777777778 0.252777777778 0.252777777778 0.252777777778 0.255555555556 0.252777777778 0.25 0.252777777778 0.255555555556 0.255555555556 0.25 0.255555555556 0.255555555556 0.255555555556 0.247222222222 0.255555555556 0.255555555556 0.261111111111 0.241666666667 0.255555555556 0.261111111111 0.252777777778 0.244444444444 0 0 0 0 0 0 0 0 0 0 0 0 
        30 0.255555555556 0.261111111111 0.252777777778 0.244444444444 0.261111111111 0.252777777778 0.252777777778 0.252777777778 0.252777777778 0.255555555556 0.252777777778 0.25 0.252777777778 0.255555555556 0.255555555556 0.25 0.255555555556 0.255555555556 0.255555555556 0.247222222222 0.255555555556 0.255555555556 0.261111111111 0.241666666667 0.255555555556 0.261111111111 0.252777777778 0.244444444444 0.261111111111 0.252777777778 0.252777777778 0.252777777778 0.252777777778 0.255555555556 0.255555555556 0.247222222222 0.255555555556 0.255555555556 0.255555555556 0.247222222222 
        31 0.516666666667 0.497222222222 0.513888888889 0.505555555556 0 0 0 0 0 0 0 0 0 0 0 0 0 0 0 0 0 0 0 0 0 0 0 0 0 0 0 0 0 0 0 0 0 0 0 0 
        32 0.516666666667 0.497222222222 0.513888888889 0.505555555556 0.505555555556 0.505555555556 0.508333333333 0.505555555556 0.511111111111 0.502777777778 0 0 0 0 0 0 0 0 0 0 0 0 0 0 0 0 0 0 0 0 0 0 0 0 0 0 0 0 0 0 
        33 0.516666666667 0.497222222222 0.513888888889 0.505555555556 0.505555555556 0.505555555556 0.508333333333 0.505555555556 0.511111111111 0.502777777778 0.511111111111 0.502777777778 0.516666666667 0.497222222222 0 0 0 0 0 0 0 0 0 0 0 0 0 0 0 0 0 0 0 0 0 0 0 0 0 0 
        34 0.516666666667 0.497222222222 0.513888888889 0.505555555556 0.505555555556 0.505555555556 0.508333333333 0.505555555556 0.511111111111 0.502777777778 0.511111111111 0.502777777778 0.516666666667 0.497222222222 0.513888888889 0.505555555556 0.508333333333 0.502777777778 0.511111111111 0.502777777778 0 0 0 0 0 0 0 0 0 0 0 0 0 0 0 0 0 0 0 0 
        35 0.255555555556 0.261111111111 0.252777777778 0.244444444444 0 0 0 0 0 0 0 0 0 0 0 0 0 0 0 0 0 0 0 0 0 0 0 0 0 0 0 0 0 0 0 0 0 0 0 0 
        36 0.255555555556 0.261111111111 0.252777777778 0.244444444444 0.261111111111 0.252777777778 0.252777777778 0.252777777778 0 0 0 0 0 0 0 0 0 0 0 0 0 0 0 0 0 0 0 0 0 0 0 0 0 0 0 0 0 0 0 0 
        37 0.255555555556 0.261111111111 0.252777777778 0.244444444444 0.261111111111 0.252777777778 0.252777777778 0.252777777778 0.252777777778 0.252777777778 0.255555555556 0.25 0.252777777778 0.255555555556 0.255555555556 0.25 0.255555555556 0.255555555556 0.255555555556 0.247222222222 0 0 0 0 0 0 0 0 0 0 0 0 0 0 0 0 0 0 0 0 
        38 0.255555555556 0.261111111111 0.252777777778 0.244444444444 0.261111111111 0.252777777778 0.252777777778 0.252777777778 0.252777777778 0.252777777778 0.255555555556 0.25 0.252777777778 0.255555555556 0.255555555556 0.25 0.255555555556 0.255555555556 0.255555555556 0.247222222222 0.255555555556 0.255555555556 0.261111111111 0.241666666667 0.255555555556 0.261111111111 0.252777777778 0.244444444444 0 0 0 0 0 0 0 0 0 0 0 0 
        39 0.255555555556 0.261111111111 0.252777777778 0.244444444444 0.261111111111 0.252777777778 0.252777777778 0.252777777778 0.252777777778 0.252777777778 0.255555555556 0.25 0.252777777778 0.255555555556 0.255555555556 0.25 0.255555555556 0.255555555556 0.255555555556 0.247222222222 0.255555555556 0.255555555556 0.261111111111 0.241666666667 0.255555555556 0.261111111111 0.252777777778 0.244444444444 0.261111111111 0.252777777778 0.252777777778 0.252777777778 0.252777777778 0.255555555556 0.255555555556 0.247222222222 0.255555555556 0.255555555556 0.255555555556 0.247222222222 
;
param irst0 := 21 0 22 0 23 0 24 0 25 0 26 0 27 0 28 0 29 0 30 0 31 0 32 0 33 0 34 0 35 0 36 0 37 0 38 0 39 0 ;
set ccsSet := 40 41 42 43 44 45 46 47 48 49 50 51 52 53 54 55 56 57 58 59 ;
param maxCcsN := 40;
param ccsNfix := 40 4 41 8 42 20 43 28 44 40 45 4 46 8 47 20 48 28 49 40 50 4 51 8 52 20 53 28 54 40 55 4 56 8 57 20 58 28 59 40 ;
param ccsNflt1 := 40 4 41 8 42 20 43 28 44 40 45 4 46 8 47 20 48 28 49 40 50 4 51 8 52 20 53 28 54 40 55 4 56 8 57 20 58 28 59 40 ;
param ccsNflt2 := 40 4 41 8 42 20 43 28 44 40 45 4 46 8 47 20 48 28 49 40 50 4 51 8 52 20 53 28 54 40 55 4 56 8 57 20 58 28 59 40 ;
param ccstFix : 1 2 3 4 5 6 7 8 9 10 11 12 13 14 15 16 17 18 19 20 21 22 23 24 25 26 27 28 29 30 31 32 33 34 35 36 37 38 39 40 :=
        40 2 5 8 10 -1 -1 -1 -1 -1 -1 -1 -1 -1 -1 -1 -1 -1 -1 -1 -1 -1 -1 -1 -1 -1 -1 -1 -1 -1 -1 -1 -1 -1 -1 -1 -1 -1 -1 -1 -1 
        41 2 5 8 10 13 16 19 22 -1 -1 -1 -1 -1 -1 -1 -1 -1 -1 -1 -1 -1 -1 -1 -1 -1 -1 -1 -1 -1 -1 -1 -1 -1 -1 -1 -1 -1 -1 -1 -1 
        42 2 5 8 10 13 16 19 22 25 28 32 34 37 40 43 46 49 52 55 57 -1 -1 -1 -1 -1 -1 -1 -1 -1 -1 -1 -1 -1 -1 -1 -1 -1 -1 -1 -1 
        43 2 5 8 10 13 16 19 22 25 28 32 34 37 40 43 46 49 52 55 57 60 63 66 68 71 74 77 79 -1 -1 -1 -1 -1 -1 -1 -1 -1 -1 -1 -1 
        44 2 5 8 10 13 16 19 22 25 28 32 34 37 40 43 46 49 52 55 57 60 63 66 68 71 74 77 79 82 85 88 91 94 97 100 102 105 108 111 113 
        45 2 5 8 10 -1 -1 -1 -1 -1 -1 -1 -1 -1 -1 -1 -1 -1 -1 -1 -1 -1 -1 -1 -1 -1 -1 -1 -1 -1 -1 -1 -1 -1 -1 -1 -1 -1 -1 -1 -1 
        46 2 5 8 10 13 16 19 22 -1 -1 -1 -1 -1 -1 -1 -1 -1 -1 -1 -1 -1 -1 -1 -1 -1 -1 -1 -1 -1 -1 -1 -1 -1 -1 -1 -1 -1 -1 -1 -1 
        47 2 5 8 10 13 16 19 22 25 29 32 34 37 40 43 46 49 52 55 57 -1 -1 -1 -1 -1 -1 -1 -1 -1 -1 -1 -1 -1 -1 -1 -1 -1 -1 -1 -1 
        48 2 5 8 10 13 16 19 22 25 29 32 34 37 40 43 46 49 52 55 57 60 63 66 68 71 74 77 79 -1 -1 -1 -1 -1 -1 -1 -1 -1 -1 -1 -1 
        49 2 5 8 10 13 16 19 22 25 29 32 34 37 40 43 46 49 52 55 57 60 63 66 68 71 74 77 79 82 85 88 91 94 97 100 102 105 108 111 113 
        50 2 5 8 10 -1 -1 -1 -1 -1 -1 -1 -1 -1 -1 -1 -1 -1 -1 -1 -1 -1 -1 -1 -1 -1 -1 -1 -1 -1 -1 -1 -1 -1 -1 -1 -1 -1 -1 -1 -1 
        51 2 5 8 10 13 16 19 22 -1 -1 -1 -1 -1 -1 -1 -1 -1 -1 -1 -1 -1 -1 -1 -1 -1 -1 -1 -1 -1 -1 -1 -1 -1 -1 -1 -1 -1 -1 -1 -1 
        52 2 5 8 10 13 16 19 22 25 29 32 34 37 40 43 46 49 52 55 57 -1 -1 -1 -1 -1 -1 -1 -1 -1 -1 -1 -1 -1 -1 -1 -1 -1 -1 -1 -1 
        53 2 5 8 10 13 16 19 22 25 29 32 34 37 40 43 46 49 52 55 57 60 63 66 68 71 74 77 79 -1 -1 -1 -1 -1 -1 -1 -1 -1 -1 -1 -1 
        54 2 5 8 10 13 16 19 22 25 29 32 34 37 40 43 46 49 52 55 57 60 63 66 68 71 74 77 79 82 85 88 91 94 97 100 102 105 108 111 113 
        55 2 5 8 10 -1 -1 -1 -1 -1 -1 -1 -1 -1 -1 -1 -1 -1 -1 -1 -1 -1 -1 -1 -1 -1 -1 -1 -1 -1 -1 -1 -1 -1 -1 -1 -1 -1 -1 -1 -1 
        56 2 5 8 10 13 16 19 22 -1 -1 -1 -1 -1 -1 -1 -1 -1 -1 -1 -1 -1 -1 -1 -1 -1 -1 -1 -1 -1 -1 -1 -1 -1 -1 -1 -1 -1 -1 -1 -1 
        57 2 5 8 10 13 16 19 22 25 28 32 34 37 40 43 46 49 52 55 57 -1 -1 -1 -1 -1 -1 -1 -1 -1 -1 -1 -1 -1 -1 -1 -1 -1 -1 -1 -1 
        58 2 5 8 10 13 16 19 22 25 28 32 34 37 40 43 46 49 52 55 57 60 63 66 68 71 74 77 79 -1 -1 -1 -1 -1 -1 -1 -1 -1 -1 -1 -1 
        59 2 5 8 10 13 16 19 22 25 28 32 34 37 40 43 46 49 52 55 57 60 63 66 68 71 74 77 79 82 85 88 91 94 97 100 102 105 108 111 113 
;
param ccsdtFix : 1 2 3 4 5 6 7 8 9 10 11 12 13 14 15 16 17 18 19 20 21 22 23 24 25 26 27 28 29 30 31 32 33 34 35 36 37 38 39 40 :=
        40 0.255555555556 0.261111111111 0.252777777778 0.244444444444 0 0 0 0 0 0 0 0 0 0 0 0 0 0 0 0 0 0 0 0 0 0 0 0 0 0 0 0 0 0 0 0 0 0 0 0 
        41 0.255555555556 0.261111111111 0.252777777778 0.244444444444 0.261111111111 0.252777777778 0.252777777778 0.252777777778 0 0 0 0 0 0 0 0 0 0 0 0 0 0 0 0 0 0 0 0 0 0 0 0 0 0 0 0 0 0 0 0 
        42 0.255555555556 0.261111111111 0.252777777778 0.244444444444 0.261111111111 0.252777777778 0.252777777778 0.252777777778 0.252777777778 0.252777777778 0.255555555556 0.25 0.252777777778 0.255555555556 0.255555555556 0.25 0.255555555556 0.255555555556 0.255555555556 0.247222222222 0 0 0 0 0 0 0 0 0 0 0 0 0 0 0 0 0 0 0 0 
        43 0.255555555556 0.261111111111 0.252777777778 0.244444444444 0.261111111111 0.252777777778 0.252777777778 0.252777777778 0.252777777778 0.252777777778 0.255555555556 0.25 0.252777777778 0.255555555556 0.255555555556 0.25 0.255555555556 0.255555555556 0.255555555556 0.247222222222 0.255555555556 0.255555555556 0.261111111111 0.241666666667 0.255555555556 0.261111111111 0.252777777778 0.244444444444 0 0 0 0 0 0 0 0 0 0 0 0 
        44 0.255555555556 0.261111111111 0.252777777778 0.244444444444 0.261111111111 0.252777777778 0.252777777778 0.252777777778 0.252777777778 0.252777777778 0.255555555556 0.25 0.252777777778 0.255555555556 0.255555555556 0.25 0.255555555556 0.255555555556 0.255555555556 0.247222222222 0.255555555556 0.255555555556 0.261111111111 0.241666666667 0.255555555556 0.261111111111 0.252777777778 0.244444444444 0.261111111111 0.252777777778 0.252777777778 0.252777777778 0.252777777778 0.255555555556 0.255555555556 0.247222222222 0.255555555556 0.255555555556 0.255555555556 0.247222222222 
        45 0.255555555556 0.261111111111 0.252777777778 0.244444444444 0 0 0 0 0 0 0 0 0 0 0 0 0 0 0 0 0 0 0 0 0 0 0 0 0 0 0 0 0 0 0 0 0 0 0 0 
        46 0.255555555556 0.261111111111 0.252777777778 0.244444444444 0.261111111111 0.252777777778 0.252777777778 0.252777777778 0 0 0 0 0 0 0 0 0 0 0 0 0 0 0 0 0 0 0 0 0 0 0 0 0 0 0 0 0 0 0 0 
        47 0.255555555556 0.261111111111 0.252777777778 0.244444444444 0.261111111111 0.252777777778 0.252777777778 0.252777777778 0.252777777778 0.255555555556 0.252777777778 0.25 0.252777777778 0.255555555556 0.255555555556 0.25 0.255555555556 0.255555555556 0.255555555556 0.247222222222 0 0 0 0 0 0 0 0 0 0 0 0 0 0 0 0 0 0 0 0 
        48 0.255555555556 0.261111111111 0.252777777778 0.244444444444 0.261111111111 0.252777777778 0.252777777778 0.252777777778 0.252777777778 0.255555555556 0.252777777778 0.25 0.252777777778 0.255555555556 0.255555555556 0.25 0.255555555556 0.255555555556 0.255555555556 0.247222222222 0.255555555556 0.255555555556 0.261111111111 0.241666666667 0.255555555556 0.261111111111 0.252777777778 0.244444444444 0 0 0 0 0 0 0 0 0 0 0 0 
        49 0.255555555556 0.261111111111 0.252777777778 0.244444444444 0.261111111111 0.252777777778 0.252777777778 0.252777777778 0.252777777778 0.255555555556 0.252777777778 0.25 0.252777777778 0.255555555556 0.255555555556 0.25 0.255555555556 0.255555555556 0.255555555556 0.247222222222 0.255555555556 0.255555555556 0.261111111111 0.241666666667 0.255555555556 0.261111111111 0.252777777778 0.244444444444 0.261111111111 0.252777777778 0.252777777778 0.252777777778 0.252777777778 0.255555555556 0.255555555556 0.247222222222 0.255555555556 0.255555555556 0.255555555556 0.247222222222 
        50 0.255555555556 0.261111111111 0.252777777778 0.244444444444 0 0 0 0 0 0 0 0 0 0 0 0 0 0 0 0 0 0 0 0 0 0 0 0 0 0 0 0 0 0 0 0 0 0 0 0 
        51 0.255555555556 0.261111111111 0.252777777778 0.244444444444 0.261111111111 0.252777777778 0.252777777778 0.252777777778 0 0 0 0 0 0 0 0 0 0 0 0 0 0 0 0 0 0 0 0 0 0 0 0 0 0 0 0 0 0 0 0 
        52 0.255555555556 0.261111111111 0.252777777778 0.244444444444 0.261111111111 0.252777777778 0.252777777778 0.252777777778 0.252777777778 0.255555555556 0.252777777778 0.25 0.252777777778 0.255555555556 0.255555555556 0.25 0.255555555556 0.255555555556 0.255555555556 0.247222222222 0 0 0 0 0 0 0 0 0 0 0 0 0 0 0 0 0 0 0 0 
        53 0.255555555556 0.261111111111 0.252777777778 0.244444444444 0.261111111111 0.252777777778 0.252777777778 0.252777777778 0.252777777778 0.255555555556 0.252777777778 0.25 0.252777777778 0.255555555556 0.255555555556 0.25 0.255555555556 0.255555555556 0.255555555556 0.247222222222 0.255555555556 0.255555555556 0.261111111111 0.241666666667 0.255555555556 0.261111111111 0.252777777778 0.244444444444 0 0 0 0 0 0 0 0 0 0 0 0 
        54 0.255555555556 0.261111111111 0.252777777778 0.244444444444 0.261111111111 0.252777777778 0.252777777778 0.252777777778 0.252777777778 0.255555555556 0.252777777778 0.25 0.252777777778 0.255555555556 0.255555555556 0.25 0.255555555556 0.255555555556 0.255555555556 0.247222222222 0.255555555556 0.255555555556 0.261111111111 0.241666666667 0.255555555556 0.261111111111 0.252777777778 0.244444444444 0.261111111111 0.252777777778 0.252777777778 0.252777777778 0.252777777778 0.255555555556 0.255555555556 0.247222222222 0.255555555556 0.255555555556 0.255555555556 0.247222222222 
        55 0.255555555556 0.261111111111 0.252777777778 0.244444444444 0 0 0 0 0 0 0 0 0 0 0 0 0 0 0 0 0 0 0 0 0 0 0 0 0 0 0 0 0 0 0 0 0 0 0 0 
        56 0.255555555556 0.261111111111 0.252777777778 0.244444444444 0.261111111111 0.252777777778 0.252777777778 0.252777777778 0 0 0 0 0 0 0 0 0 0 0 0 0 0 0 0 0 0 0 0 0 0 0 0 0 0 0 0 0 0 0 0 
        57 0.255555555556 0.261111111111 0.252777777778 0.244444444444 0.261111111111 0.252777777778 0.252777777778 0.252777777778 0.252777777778 0.252777777778 0.255555555556 0.25 0.252777777778 0.255555555556 0.255555555556 0.25 0.255555555556 0.255555555556 0.255555555556 0.247222222222 0 0 0 0 0 0 0 0 0 0 0 0 0 0 0 0 0 0 0 0 
        58 0.255555555556 0.261111111111 0.252777777778 0.244444444444 0.261111111111 0.252777777778 0.252777777778 0.252777777778 0.252777777778 0.252777777778 0.255555555556 0.25 0.252777777778 0.255555555556 0.255555555556 0.25 0.255555555556 0.255555555556 0.255555555556 0.247222222222 0.255555555556 0.255555555556 0.261111111111 0.241666666667 0.255555555556 0.261111111111 0.252777777778 0.244444444444 0 0 0 0 0 0 0 0 0 0 0 0 
        59 0.255555555556 0.261111111111 0.252777777778 0.244444444444 0.261111111111 0.252777777778 0.252777777778 0.252777777778 0.252777777778 0.252777777778 0.255555555556 0.25 0.252777777778 0.255555555556 0.255555555556 0.25 0.255555555556 0.255555555556 0.255555555556 0.247222222222 0.255555555556 0.255555555556 0.261111111111 0.241666666667 0.255555555556 0.261111111111 0.252777777778 0.244444444444 0.261111111111 0.252777777778 0.252777777778 0.252777777778 0.252777777778 0.255555555556 0.255555555556 0.247222222222 0.255555555556 0.255555555556 0.255555555556 0.247222222222 
;
param ccstFlt1 : 1 2 3 4 5 6 7 8 9 10 11 12 13 14 15 16 17 18 19 20 21 22 23 24 25 26 27 28 29 30 31 32 33 34 35 36 37 38 39 40 :=
        40 2 5 8 10 -1 -1 -1 -1 -1 -1 -1 -1 -1 -1 -1 -1 -1 -1 -1 -1 -1 -1 -1 -1 -1 -1 -1 -1 -1 -1 -1 -1 -1 -1 -1 -1 -1 -1 -1 -1 
        41 2 5 8 10 13 16 19 22 -1 -1 -1 -1 -1 -1 -1 -1 -1 -1 -1 -1 -1 -1 -1 -1 -1 -1 -1 -1 -1 -1 -1 -1 -1 -1 -1 -1 -1 -1 -1 -1 
        42 2 5 8 10 13 16 19 22 25 28 32 34 37 40 43 46 49 52 55 57 -1 -1 -1 -1 -1 -1 -1 -1 -1 -1 -1 -1 -1 -1 -1 -1 -1 -1 -1 -1 
        43 2 5 8 10 13 16 19 22 25 28 32 34 37 40 43 46 49 52 55 57 60 63 66 68 71 74 77 79 -1 -1 -1 -1 -1 -1 -1 -1 -1 -1 -1 -1 
        44 2 5 8 10 13 16 19 22 25 28 32 34 37 40 43 46 49 52 55 57 60 63 66 68 71 74 77 79 82 85 88 91 94 97 100 102 105 108 111 113 
        45 2 5 8 10 -1 -1 -1 -1 -1 -1 -1 -1 -1 -1 -1 -1 -1 -1 -1 -1 -1 -1 -1 -1 -1 -1 -1 -1 -1 -1 -1 -1 -1 -1 -1 -1 -1 -1 -1 -1 
        46 2 5 8 10 13 16 19 22 -1 -1 -1 -1 -1 -1 -1 -1 -1 -1 -1 -1 -1 -1 -1 -1 -1 -1 -1 -1 -1 -1 -1 -1 -1 -1 -1 -1 -1 -1 -1 -1 
        47 2 5 8 10 13 16 19 22 25 29 32 34 37 40 43 46 49 52 55 57 -1 -1 -1 -1 -1 -1 -1 -1 -1 -1 -1 -1 -1 -1 -1 -1 -1 -1 -1 -1 
        48 2 5 8 10 13 16 19 22 25 29 32 34 37 40 43 46 49 52 55 57 60 63 66 68 71 74 77 79 -1 -1 -1 -1 -1 -1 -1 -1 -1 -1 -1 -1 
        49 2 5 8 10 13 16 19 22 25 29 32 34 37 40 43 46 49 52 55 57 60 63 66 68 71 74 77 79 82 85 88 91 94 97 100 102 105 108 111 113 
        50 2 5 8 10 -1 -1 -1 -1 -1 -1 -1 -1 -1 -1 -1 -1 -1 -1 -1 -1 -1 -1 -1 -1 -1 -1 -1 -1 -1 -1 -1 -1 -1 -1 -1 -1 -1 -1 -1 -1 
        51 2 5 8 10 13 16 19 22 -1 -1 -1 -1 -1 -1 -1 -1 -1 -1 -1 -1 -1 -1 -1 -1 -1 -1 -1 -1 -1 -1 -1 -1 -1 -1 -1 -1 -1 -1 -1 -1 
        52 2 5 8 10 13 16 19 22 25 29 32 34 37 40 43 46 49 52 55 57 -1 -1 -1 -1 -1 -1 -1 -1 -1 -1 -1 -1 -1 -1 -1 -1 -1 -1 -1 -1 
        53 2 5 8 10 13 16 19 22 25 29 32 34 37 40 43 46 49 52 55 57 60 63 66 68 71 74 77 79 -1 -1 -1 -1 -1 -1 -1 -1 -1 -1 -1 -1 
        54 2 5 8 10 13 16 19 22 25 29 32 34 37 40 43 46 49 52 55 57 60 63 66 68 71 74 77 79 82 85 88 91 94 97 100 102 105 108 111 113 
        55 2 5 8 10 -1 -1 -1 -1 -1 -1 -1 -1 -1 -1 -1 -1 -1 -1 -1 -1 -1 -1 -1 -1 -1 -1 -1 -1 -1 -1 -1 -1 -1 -1 -1 -1 -1 -1 -1 -1 
        56 2 5 8 10 13 16 19 22 -1 -1 -1 -1 -1 -1 -1 -1 -1 -1 -1 -1 -1 -1 -1 -1 -1 -1 -1 -1 -1 -1 -1 -1 -1 -1 -1 -1 -1 -1 -1 -1 
        57 2 5 8 10 13 16 19 22 25 28 32 34 37 40 43 46 49 52 55 57 -1 -1 -1 -1 -1 -1 -1 -1 -1 -1 -1 -1 -1 -1 -1 -1 -1 -1 -1 -1 
        58 2 5 8 10 13 16 19 22 25 28 32 34 37 40 43 46 49 52 55 57 60 63 66 68 71 74 77 79 -1 -1 -1 -1 -1 -1 -1 -1 -1 -1 -1 -1 
        59 2 5 8 10 13 16 19 22 25 28 32 34 37 40 43 46 49 52 55 57 60 63 66 68 71 74 77 79 82 85 88 91 94 97 100 102 105 108 111 113 
;
param ccsdtFlt1 : 1 2 3 4 5 6 7 8 9 10 11 12 13 14 15 16 17 18 19 20 21 22 23 24 25 26 27 28 29 30 31 32 33 34 35 36 37 38 39 40 :=
        40 0.255555555556 0.261111111111 0.252777777778 0.244444444444 0 0 0 0 0 0 0 0 0 0 0 0 0 0 0 0 0 0 0 0 0 0 0 0 0 0 0 0 0 0 0 0 0 0 0 0 
        41 0.255555555556 0.261111111111 0.252777777778 0.244444444444 0.261111111111 0.252777777778 0.252777777778 0.252777777778 0 0 0 0 0 0 0 0 0 0 0 0 0 0 0 0 0 0 0 0 0 0 0 0 0 0 0 0 0 0 0 0 
        42 0.255555555556 0.261111111111 0.252777777778 0.244444444444 0.261111111111 0.252777777778 0.252777777778 0.252777777778 0.252777777778 0.252777777778 0.255555555556 0.25 0.252777777778 0.255555555556 0.255555555556 0.25 0.255555555556 0.255555555556 0.255555555556 0.247222222222 0 0 0 0 0 0 0 0 0 0 0 0 0 0 0 0 0 0 0 0 
        43 0.255555555556 0.261111111111 0.252777777778 0.244444444444 0.261111111111 0.252777777778 0.252777777778 0.252777777778 0.252777777778 0.252777777778 0.255555555556 0.25 0.252777777778 0.255555555556 0.255555555556 0.25 0.255555555556 0.255555555556 0.255555555556 0.247222222222 0.255555555556 0.255555555556 0.261111111111 0.241666666667 0.255555555556 0.261111111111 0.252777777778 0.244444444444 0 0 0 0 0 0 0 0 0 0 0 0 
        44 0.255555555556 0.261111111111 0.252777777778 0.244444444444 0.261111111111 0.252777777778 0.252777777778 0.252777777778 0.252777777778 0.252777777778 0.255555555556 0.25 0.252777777778 0.255555555556 0.255555555556 0.25 0.255555555556 0.255555555556 0.255555555556 0.247222222222 0.255555555556 0.255555555556 0.261111111111 0.241666666667 0.255555555556 0.261111111111 0.252777777778 0.244444444444 0.261111111111 0.252777777778 0.252777777778 0.252777777778 0.252777777778 0.255555555556 0.255555555556 0.247222222222 0.255555555556 0.255555555556 0.255555555556 0.247222222222 
        45 0.255555555556 0.261111111111 0.252777777778 0.244444444444 0 0 0 0 0 0 0 0 0 0 0 0 0 0 0 0 0 0 0 0 0 0 0 0 0 0 0 0 0 0 0 0 0 0 0 0 
        46 0.255555555556 0.261111111111 0.252777777778 0.244444444444 0.261111111111 0.252777777778 0.252777777778 0.252777777778 0 0 0 0 0 0 0 0 0 0 0 0 0 0 0 0 0 0 0 0 0 0 0 0 0 0 0 0 0 0 0 0 
        47 0.255555555556 0.261111111111 0.252777777778 0.244444444444 0.261111111111 0.252777777778 0.252777777778 0.252777777778 0.252777777778 0.255555555556 0.252777777778 0.25 0.252777777778 0.255555555556 0.255555555556 0.25 0.255555555556 0.255555555556 0.255555555556 0.247222222222 0 0 0 0 0 0 0 0 0 0 0 0 0 0 0 0 0 0 0 0 
        48 0.255555555556 0.261111111111 0.252777777778 0.244444444444 0.261111111111 0.252777777778 0.252777777778 0.252777777778 0.252777777778 0.255555555556 0.252777777778 0.25 0.252777777778 0.255555555556 0.255555555556 0.25 0.255555555556 0.255555555556 0.255555555556 0.247222222222 0.255555555556 0.255555555556 0.261111111111 0.241666666667 0.255555555556 0.261111111111 0.252777777778 0.244444444444 0 0 0 0 0 0 0 0 0 0 0 0 
        49 0.255555555556 0.261111111111 0.252777777778 0.244444444444 0.261111111111 0.252777777778 0.252777777778 0.252777777778 0.252777777778 0.255555555556 0.252777777778 0.25 0.252777777778 0.255555555556 0.255555555556 0.25 0.255555555556 0.255555555556 0.255555555556 0.247222222222 0.255555555556 0.255555555556 0.261111111111 0.241666666667 0.255555555556 0.261111111111 0.252777777778 0.244444444444 0.261111111111 0.252777777778 0.252777777778 0.252777777778 0.252777777778 0.255555555556 0.255555555556 0.247222222222 0.255555555556 0.255555555556 0.255555555556 0.247222222222 
        50 0.255555555556 0.261111111111 0.252777777778 0.244444444444 0 0 0 0 0 0 0 0 0 0 0 0 0 0 0 0 0 0 0 0 0 0 0 0 0 0 0 0 0 0 0 0 0 0 0 0 
        51 0.255555555556 0.261111111111 0.252777777778 0.244444444444 0.261111111111 0.252777777778 0.252777777778 0.252777777778 0 0 0 0 0 0 0 0 0 0 0 0 0 0 0 0 0 0 0 0 0 0 0 0 0 0 0 0 0 0 0 0 
        52 0.255555555556 0.261111111111 0.252777777778 0.244444444444 0.261111111111 0.252777777778 0.252777777778 0.252777777778 0.252777777778 0.255555555556 0.252777777778 0.25 0.252777777778 0.255555555556 0.255555555556 0.25 0.255555555556 0.255555555556 0.255555555556 0.247222222222 0 0 0 0 0 0 0 0 0 0 0 0 0 0 0 0 0 0 0 0 
        53 0.255555555556 0.261111111111 0.252777777778 0.244444444444 0.261111111111 0.252777777778 0.252777777778 0.252777777778 0.252777777778 0.255555555556 0.252777777778 0.25 0.252777777778 0.255555555556 0.255555555556 0.25 0.255555555556 0.255555555556 0.255555555556 0.247222222222 0.255555555556 0.255555555556 0.261111111111 0.241666666667 0.255555555556 0.261111111111 0.252777777778 0.244444444444 0 0 0 0 0 0 0 0 0 0 0 0 
        54 0.255555555556 0.261111111111 0.252777777778 0.244444444444 0.261111111111 0.252777777778 0.252777777778 0.252777777778 0.252777777778 0.255555555556 0.252777777778 0.25 0.252777777778 0.255555555556 0.255555555556 0.25 0.255555555556 0.255555555556 0.255555555556 0.247222222222 0.255555555556 0.255555555556 0.261111111111 0.241666666667 0.255555555556 0.261111111111 0.252777777778 0.244444444444 0.261111111111 0.252777777778 0.252777777778 0.252777777778 0.252777777778 0.255555555556 0.255555555556 0.247222222222 0.255555555556 0.255555555556 0.255555555556 0.247222222222 
        55 0.255555555556 0.261111111111 0.252777777778 0.244444444444 0 0 0 0 0 0 0 0 0 0 0 0 0 0 0 0 0 0 0 0 0 0 0 0 0 0 0 0 0 0 0 0 0 0 0 0 
        56 0.255555555556 0.261111111111 0.252777777778 0.244444444444 0.261111111111 0.252777777778 0.252777777778 0.252777777778 0 0 0 0 0 0 0 0 0 0 0 0 0 0 0 0 0 0 0 0 0 0 0 0 0 0 0 0 0 0 0 0 
        57 0.255555555556 0.261111111111 0.252777777778 0.244444444444 0.261111111111 0.252777777778 0.252777777778 0.252777777778 0.252777777778 0.252777777778 0.255555555556 0.25 0.252777777778 0.255555555556 0.255555555556 0.25 0.255555555556 0.255555555556 0.255555555556 0.247222222222 0 0 0 0 0 0 0 0 0 0 0 0 0 0 0 0 0 0 0 0 
        58 0.255555555556 0.261111111111 0.252777777778 0.244444444444 0.261111111111 0.252777777778 0.252777777778 0.252777777778 0.252777777778 0.252777777778 0.255555555556 0.25 0.252777777778 0.255555555556 0.255555555556 0.25 0.255555555556 0.255555555556 0.255555555556 0.247222222222 0.255555555556 0.255555555556 0.261111111111 0.241666666667 0.255555555556 0.261111111111 0.252777777778 0.244444444444 0 0 0 0 0 0 0 0 0 0 0 0 
        59 0.255555555556 0.261111111111 0.252777777778 0.244444444444 0.261111111111 0.252777777778 0.252777777778 0.252777777778 0.252777777778 0.252777777778 0.255555555556 0.25 0.252777777778 0.255555555556 0.255555555556 0.25 0.255555555556 0.255555555556 0.255555555556 0.247222222222 0.255555555556 0.255555555556 0.261111111111 0.241666666667 0.255555555556 0.261111111111 0.252777777778 0.244444444444 0.261111111111 0.252777777778 0.252777777778 0.252777777778 0.252777777778 0.255555555556 0.255555555556 0.247222222222 0.255555555556 0.255555555556 0.255555555556 0.247222222222 
;
param ccstFlt2 : 1 2 3 4 5 6 7 8 9 10 11 12 13 14 15 16 17 18 19 20 21 22 23 24 25 26 27 28 29 30 31 32 33 34 35 36 37 38 39 40 :=
        40 2 5 8 10 -1 -1 -1 -1 -1 -1 -1 -1 -1 -1 -1 -1 -1 -1 -1 -1 -1 -1 -1 -1 -1 -1 -1 -1 -1 -1 -1 -1 -1 -1 -1 -1 -1 -1 -1 -1 
        41 2 5 8 10 13 16 19 22 -1 -1 -1 -1 -1 -1 -1 -1 -1 -1 -1 -1 -1 -1 -1 -1 -1 -1 -1 -1 -1 -1 -1 -1 -1 -1 -1 -1 -1 -1 -1 -1 
        42 2 5 8 10 13 16 19 22 25 28 32 34 37 40 43 46 49 52 55 57 -1 -1 -1 -1 -1 -1 -1 -1 -1 -1 -1 -1 -1 -1 -1 -1 -1 -1 -1 -1 
        43 2 5 8 10 13 16 19 22 25 28 32 34 37 40 43 46 49 52 55 57 60 63 66 68 71 74 77 79 -1 -1 -1 -1 -1 -1 -1 -1 -1 -1 -1 -1 
        44 2 5 8 10 13 16 19 22 25 28 32 34 37 40 43 46 49 52 55 57 60 63 66 68 71 74 77 79 82 85 88 91 94 97 100 102 105 108 111 113 
        45 2 5 8 10 -1 -1 -1 -1 -1 -1 -1 -1 -1 -1 -1 -1 -1 -1 -1 -1 -1 -1 -1 -1 -1 -1 -1 -1 -1 -1 -1 -1 -1 -1 -1 -1 -1 -1 -1 -1 
        46 2 5 8 10 13 16 19 22 -1 -1 -1 -1 -1 -1 -1 -1 -1 -1 -1 -1 -1 -1 -1 -1 -1 -1 -1 -1 -1 -1 -1 -1 -1 -1 -1 -1 -1 -1 -1 -1 
        47 2 5 8 10 13 16 19 22 25 28 32 34 37 40 43 46 49 52 55 57 -1 -1 -1 -1 -1 -1 -1 -1 -1 -1 -1 -1 -1 -1 -1 -1 -1 -1 -1 -1 
        48 2 5 8 10 13 16 19 22 25 28 32 34 37 40 43 46 49 52 55 57 60 63 66 68 71 74 77 79 -1 -1 -1 -1 -1 -1 -1 -1 -1 -1 -1 -1 
        49 2 5 8 10 13 16 19 22 25 28 32 34 37 40 43 46 49 52 55 57 60 63 66 68 71 74 77 79 82 85 88 91 94 97 100 102 105 108 111 113 
        50 2 5 8 10 -1 -1 -1 -1 -1 -1 -1 -1 -1 -1 -1 -1 -1 -1 -1 -1 -1 -1 -1 -1 -1 -1 -1 -1 -1 -1 -1 -1 -1 -1 -1 -1 -1 -1 -1 -1 
        51 2 5 8 10 13 16 19 22 -1 -1 -1 -1 -1 -1 -1 -1 -1 -1 -1 -1 -1 -1 -1 -1 -1 -1 -1 -1 -1 -1 -1 -1 -1 -1 -1 -1 -1 -1 -1 -1 
        52 2 5 8 10 13 16 19 22 25 28 32 34 37 40 43 46 49 52 55 57 -1 -1 -1 -1 -1 -1 -1 -1 -1 -1 -1 -1 -1 -1 -1 -1 -1 -1 -1 -1 
        53 2 5 8 10 13 16 19 22 25 28 32 34 37 40 43 46 49 52 55 57 60 63 66 68 71 74 77 79 -1 -1 -1 -1 -1 -1 -1 -1 -1 -1 -1 -1 
        54 2 5 8 10 13 16 19 22 25 28 32 34 37 40 43 46 49 52 55 57 60 63 66 68 71 74 77 79 82 85 88 91 94 97 100 102 105 108 111 113 
        55 2 5 8 10 -1 -1 -1 -1 -1 -1 -1 -1 -1 -1 -1 -1 -1 -1 -1 -1 -1 -1 -1 -1 -1 -1 -1 -1 -1 -1 -1 -1 -1 -1 -1 -1 -1 -1 -1 -1 
        56 2 5 8 10 13 16 19 22 -1 -1 -1 -1 -1 -1 -1 -1 -1 -1 -1 -1 -1 -1 -1 -1 -1 -1 -1 -1 -1 -1 -1 -1 -1 -1 -1 -1 -1 -1 -1 -1 
        57 2 5 8 10 13 16 19 22 25 28 32 34 37 40 43 46 49 52 55 57 -1 -1 -1 -1 -1 -1 -1 -1 -1 -1 -1 -1 -1 -1 -1 -1 -1 -1 -1 -1 
        58 2 5 8 10 13 16 19 22 25 28 32 34 37 40 43 46 49 52 55 57 60 63 66 68 71 74 77 79 -1 -1 -1 -1 -1 -1 -1 -1 -1 -1 -1 -1 
        59 2 5 8 10 13 16 19 22 25 28 32 34 37 40 43 46 49 52 55 57 60 63 66 68 71 74 77 79 82 85 88 91 94 97 100 102 105 108 111 113 
;
param ccsdtFlt2 : 1 2 3 4 5 6 7 8 9 10 11 12 13 14 15 16 17 18 19 20 21 22 23 24 25 26 27 28 29 30 31 32 33 34 35 36 37 38 39 40 :=
        40 0.255555555556 0.261111111111 0.252777777778 0.244444444444 0 0 0 0 0 0 0 0 0 0 0 0 0 0 0 0 0 0 0 0 0 0 0 0 0 0 0 0 0 0 0 0 0 0 0 0 
        41 0.255555555556 0.261111111111 0.252777777778 0.244444444444 0.261111111111 0.252777777778 0.252777777778 0.252777777778 0 0 0 0 0 0 0 0 0 0 0 0 0 0 0 0 0 0 0 0 0 0 0 0 0 0 0 0 0 0 0 0 
        42 0.255555555556 0.261111111111 0.252777777778 0.244444444444 0.261111111111 0.252777777778 0.252777777778 0.252777777778 0.252777777778 0.252777777778 0.255555555556 0.25 0.252777777778 0.255555555556 0.255555555556 0.25 0.255555555556 0.255555555556 0.255555555556 0.247222222222 0 0 0 0 0 0 0 0 0 0 0 0 0 0 0 0 0 0 0 0 
        43 0.255555555556 0.261111111111 0.252777777778 0.244444444444 0.261111111111 0.252777777778 0.252777777778 0.252777777778 0.252777777778 0.252777777778 0.255555555556 0.25 0.252777777778 0.255555555556 0.255555555556 0.25 0.255555555556 0.255555555556 0.255555555556 0.247222222222 0.255555555556 0.255555555556 0.261111111111 0.241666666667 0.255555555556 0.261111111111 0.252777777778 0.244444444444 0 0 0 0 0 0 0 0 0 0 0 0 
        44 0.255555555556 0.261111111111 0.252777777778 0.244444444444 0.261111111111 0.252777777778 0.252777777778 0.252777777778 0.252777777778 0.252777777778 0.255555555556 0.25 0.252777777778 0.255555555556 0.255555555556 0.25 0.255555555556 0.255555555556 0.255555555556 0.247222222222 0.255555555556 0.255555555556 0.261111111111 0.241666666667 0.255555555556 0.261111111111 0.252777777778 0.244444444444 0.261111111111 0.252777777778 0.252777777778 0.252777777778 0.252777777778 0.255555555556 0.255555555556 0.247222222222 0.255555555556 0.255555555556 0.255555555556 0.247222222222 
        45 0.255555555556 0.261111111111 0.252777777778 0.244444444444 0 0 0 0 0 0 0 0 0 0 0 0 0 0 0 0 0 0 0 0 0 0 0 0 0 0 0 0 0 0 0 0 0 0 0 0 
        46 0.255555555556 0.261111111111 0.252777777778 0.244444444444 0.261111111111 0.252777777778 0.252777777778 0.252777777778 0 0 0 0 0 0 0 0 0 0 0 0 0 0 0 0 0 0 0 0 0 0 0 0 0 0 0 0 0 0 0 0 
        47 0.255555555556 0.261111111111 0.252777777778 0.244444444444 0.261111111111 0.252777777778 0.252777777778 0.252777777778 0.252777777778 0.252777777778 0.255555555556 0.25 0.252777777778 0.255555555556 0.255555555556 0.25 0.255555555556 0.255555555556 0.255555555556 0.247222222222 0 0 0 0 0 0 0 0 0 0 0 0 0 0 0 0 0 0 0 0 
        48 0.255555555556 0.261111111111 0.252777777778 0.244444444444 0.261111111111 0.252777777778 0.252777777778 0.252777777778 0.252777777778 0.252777777778 0.255555555556 0.25 0.252777777778 0.255555555556 0.255555555556 0.25 0.255555555556 0.255555555556 0.255555555556 0.247222222222 0.255555555556 0.255555555556 0.261111111111 0.241666666667 0.255555555556 0.261111111111 0.252777777778 0.244444444444 0 0 0 0 0 0 0 0 0 0 0 0 
        49 0.255555555556 0.261111111111 0.252777777778 0.244444444444 0.261111111111 0.252777777778 0.252777777778 0.252777777778 0.252777777778 0.252777777778 0.255555555556 0.25 0.252777777778 0.255555555556 0.255555555556 0.25 0.255555555556 0.255555555556 0.255555555556 0.247222222222 0.255555555556 0.255555555556 0.261111111111 0.241666666667 0.255555555556 0.261111111111 0.252777777778 0.244444444444 0.261111111111 0.252777777778 0.252777777778 0.252777777778 0.252777777778 0.255555555556 0.255555555556 0.247222222222 0.255555555556 0.255555555556 0.255555555556 0.247222222222 
        50 0.255555555556 0.261111111111 0.252777777778 0.244444444444 0 0 0 0 0 0 0 0 0 0 0 0 0 0 0 0 0 0 0 0 0 0 0 0 0 0 0 0 0 0 0 0 0 0 0 0 
        51 0.255555555556 0.261111111111 0.252777777778 0.244444444444 0.261111111111 0.252777777778 0.252777777778 0.252777777778 0 0 0 0 0 0 0 0 0 0 0 0 0 0 0 0 0 0 0 0 0 0 0 0 0 0 0 0 0 0 0 0 
        52 0.255555555556 0.261111111111 0.252777777778 0.244444444444 0.261111111111 0.252777777778 0.252777777778 0.252777777778 0.252777777778 0.252777777778 0.255555555556 0.25 0.252777777778 0.255555555556 0.255555555556 0.25 0.255555555556 0.255555555556 0.255555555556 0.247222222222 0 0 0 0 0 0 0 0 0 0 0 0 0 0 0 0 0 0 0 0 
        53 0.255555555556 0.261111111111 0.252777777778 0.244444444444 0.261111111111 0.252777777778 0.252777777778 0.252777777778 0.252777777778 0.252777777778 0.255555555556 0.25 0.252777777778 0.255555555556 0.255555555556 0.25 0.255555555556 0.255555555556 0.255555555556 0.247222222222 0.255555555556 0.255555555556 0.261111111111 0.241666666667 0.255555555556 0.261111111111 0.252777777778 0.244444444444 0 0 0 0 0 0 0 0 0 0 0 0 
        54 0.255555555556 0.261111111111 0.252777777778 0.244444444444 0.261111111111 0.252777777778 0.252777777778 0.252777777778 0.252777777778 0.252777777778 0.255555555556 0.25 0.252777777778 0.255555555556 0.255555555556 0.25 0.255555555556 0.255555555556 0.255555555556 0.247222222222 0.255555555556 0.255555555556 0.261111111111 0.241666666667 0.255555555556 0.261111111111 0.252777777778 0.244444444444 0.261111111111 0.252777777778 0.252777777778 0.252777777778 0.252777777778 0.255555555556 0.255555555556 0.247222222222 0.255555555556 0.255555555556 0.255555555556 0.247222222222 
        55 0.255555555556 0.261111111111 0.252777777778 0.244444444444 0 0 0 0 0 0 0 0 0 0 0 0 0 0 0 0 0 0 0 0 0 0 0 0 0 0 0 0 0 0 0 0 0 0 0 0 
        56 0.255555555556 0.261111111111 0.252777777778 0.244444444444 0.261111111111 0.252777777778 0.252777777778 0.252777777778 0 0 0 0 0 0 0 0 0 0 0 0 0 0 0 0 0 0 0 0 0 0 0 0 0 0 0 0 0 0 0 0 
        57 0.255555555556 0.261111111111 0.252777777778 0.244444444444 0.261111111111 0.252777777778 0.252777777778 0.252777777778 0.252777777778 0.252777777778 0.255555555556 0.25 0.252777777778 0.255555555556 0.255555555556 0.25 0.255555555556 0.255555555556 0.255555555556 0.247222222222 0 0 0 0 0 0 0 0 0 0 0 0 0 0 0 0 0 0 0 0 
        58 0.255555555556 0.261111111111 0.252777777778 0.244444444444 0.261111111111 0.252777777778 0.252777777778 0.252777777778 0.252777777778 0.252777777778 0.255555555556 0.25 0.252777777778 0.255555555556 0.255555555556 0.25 0.255555555556 0.255555555556 0.255555555556 0.247222222222 0.255555555556 0.255555555556 0.261111111111 0.241666666667 0.255555555556 0.261111111111 0.252777777778 0.244444444444 0 0 0 0 0 0 0 0 0 0 0 0 
        59 0.255555555556 0.261111111111 0.252777777778 0.244444444444 0.261111111111 0.252777777778 0.252777777778 0.252777777778 0.252777777778 0.252777777778 0.255555555556 0.25 0.252777777778 0.255555555556 0.255555555556 0.25 0.255555555556 0.255555555556 0.255555555556 0.247222222222 0.255555555556 0.255555555556 0.261111111111 0.241666666667 0.255555555556 0.261111111111 0.252777777778 0.244444444444 0.261111111111 0.252777777778 0.252777777778 0.252777777778 0.252777777778 0.255555555556 0.255555555556 0.247222222222 0.255555555556 0.255555555556 0.255555555556 0.247222222222 
;
param ccst0 := 40 0 41 0 42 0 43 0 44 0 45 0 46 0 47 0 48 0 49 0 50 0 51 0 52 0 53 0 54 0 55 0 56 0 57 0 58 0 59 0 ;
set tsSet := 60 61 ;
param maxTsN := 40;
param tsNflt1 := 60 4 61 40 ;
param tsNflt2 := 60 2 61 20 ;
param tstFlt1 : 1 2 3 4 5 6 7 8 9 10 11 12 13 14 15 16 17 18 19 20 21 22 23 24 25 26 27 28 29 30 31 32 33 34 35 36 37 38 39 40 :=
        60 2 5 8 10 -1 -1 -1 -1 -1 -1 -1 -1 -1 -1 -1 -1 -1 -1 -1 -1 -1 -1 -1 -1 -1 -1 -1 -1 -1 -1 -1 -1 -1 -1 -1 -1 -1 -1 -1 -1 
        61 2 5 8 10 13 16 19 22 25 28 32 34 37 40 43 46 49 52 55 57 60 63 66 68 71 74 77 79 82 85 88 91 94 97 100 102 105 108 111 113 
;
param tsdtFlt1 : 1 2 3 4 5 6 7 8 9 10 11 12 13 14 15 16 17 18 19 20 21 22 23 24 25 26 27 28 29 30 31 32 33 34 35 36 37 38 39 40 :=
        60 0.255555555556 0.261111111111 0.252777777778 0.244444444444 0 0 0 0 0 0 0 0 0 0 0 0 0 0 0 0 0 0 0 0 0 0 0 0 0 0 0 0 0 0 0 0 0 0 0 0 
        61 0.255555555556 0.261111111111 0.252777777778 0.244444444444 0.261111111111 0.252777777778 0.252777777778 0.252777777778 0.252777777778 0.252777777778 0.255555555556 0.25 0.252777777778 0.255555555556 0.255555555556 0.25 0.255555555556 0.255555555556 0.255555555556 0.247222222222 0.255555555556 0.255555555556 0.261111111111 0.241666666667 0.255555555556 0.261111111111 0.252777777778 0.244444444444 0.261111111111 0.252777777778 0.252777777778 0.252777777778 0.252777777778 0.255555555556 0.255555555556 0.247222222222 0.255555555556 0.255555555556 0.255555555556 0.247222222222 
;
param tstFlt2 : 1 2 3 4 5 6 7 8 9 10 11 12 13 14 15 16 17 18 19 20 21 22 23 24 25 26 27 28 29 30 31 32 33 34 35 36 37 38 39 40 :=
        60 5 10 -1 -1 -1 -1 -1 -1 -1 -1 -1 -1 -1 -1 -1 -1 -1 -1 -1 -1 -1 -1 -1 -1 -1 -1 -1 -1 -1 -1 -1 -1 -1 -1 -1 -1 -1 -1 -1 -1 
        61 5 10 16 22 28 34 40 46 52 57 63 68 74 79 85 91 97 102 108 113 -1 -1 -1 -1 -1 -1 -1 -1 -1 -1 -1 -1 -1 -1 -1 -1 -1 -1 -1 -1 
;
param tsdtFlt2 : 1 2 3 4 5 6 7 8 9 10 11 12 13 14 15 16 17 18 19 20 21 22 23 24 25 26 27 28 29 30 31 32 33 34 35 36 37 38 39 40 :=
        60 0.516666666667 0.497222222222 0 0 0 0 0 0 0 0 0 0 0 0 0 0 0 0 0 0 0 0 0 0 0 0 0 0 0 0 0 0 0 0 0 0 0 0 0 0 
        61 0.516666666667 0.497222222222 0.513888888889 0.505555555556 0.505555555556 0.505555555556 0.508333333333 0.505555555556 0.511111111111 0.502777777778 0.511111111111 0.502777777778 0.516666666667 0.497222222222 0.513888888889 0.505555555556 0.508333333333 0.502777777778 0.511111111111 0.502777777778 0 0 0 0 0 0 0 0 0 0 0 0 0 0 0 0 0 0 0 0 
;
param tst0 := 60 0 61 0 ;
set fraSet := 62 63 64 65 66 67 68 69 ;
param maxFraN := 1;
param frat1 := 62 1 63 1 64 1 65 1 66 5 67 5 68 5 69 5 ;
param frat2 := 62 3 63 3 64 3 65 3 66 8 67 8 68 8 69 8 ;
param fradt := 62 0.25277777777777777 63 0.25277777777777777 64 0.25277777777777777 65 0.25277777777777777 66 0.25277777777777777 67 0.25277777777777777 68 0.25277777777777777 69 0.25277777777777777 ;
param frat0 := 62 0 63 0 64 0 65 0 66 0 67 0 68 0 69 0 ;

param currency2 := 40 SEK 41 SEK 42 SEK 43 SEK 44 SEK 45 SEK 46 SEK 47 SEK 48 SEK 49 SEK 50 GBP 51 GBP 52 GBP 53 GBP 54 GBP 55 SEK 56 SEK 57 SEK 58 SEK 59 SEK ;
param tsTenor2 := 60 6M 61 6M ;
param uniquePrice := 1 -0.0038 2 -0.0039 3 -0.00271 4 0.00068 5 0.002925 6 0.00487 7 0.00683 8 0.00864 9 0.01115 10 0.01255 11 0.00399 12 0.00516 13 0.00644 14 0.00941 15 0.01114 16 -0.00535 17 -0.0027 18 0.0014 19 0.00685 20 0.00945 21 -0.002775 22 -0.002735 23 -0.00143 24 0.00071 25 0.00424 26 0.00753 27 0.0088025 28 0.011887 29 0.0137225 30 0.0159725 31 0.007815 32 0.010084 33 0.011959 34 0.01434 35 -0.00435 36 -0.003075 37 0.00265 38 0.0067 39 0.01117 40 0.00085 41 0.001575 42 0.00345 43 0.00435 44 0.0048 45 -0.002162 46 -0.001887 47 -0.001075 48 -0.000375 49 0.000187 50 -0.00115 51 -0.001175 52 -0.001075 53 -0.000975 54 -0.001075 55 -0.001012 56 -0.000712 57 0.0 58 0.0006 59 0.001262 60 0.00142 61 0.00102 62 -0.00258 63 0.006511 64 0.0059 65 -0.0043 66 -0.0029 67 0.008064 68 0.005874 69 -0.00215 ;
param penaltyParam := 1 10 2 10 3 10 4 10 5 10 6 10 7 10 8 10 9 10 10 10 11 10 12 10 13 10 14 10 15 10 16 10 17 10 18 10 19 10 20 10 21 10 22 10 23 10 24 10 25 10 26 10 27 10 28 10 29 10 30 10 31 10 32 10 33 10 34 10 35 10 36 10 37 10 38 10 39 10 40 100 41 100 42 100 43 100 44 100 45 100 46 100 47 100 48 100 49 100 50 100 51 100 52 100 53 100 54 100 55 100 56 100 57 100 58 100 59 100 60 100 61 100 62 10 63 10 64 10 65 10 66 10 67 10 68 10 69 10 ;
param scaleConParam := 1 1 2 1 3 1 4 1 5 1 6 1 7 1 8 1 9 1 10 1 11 1 12 1 13 1 14 1 15 1 16 1 17 1 18 1 19 1 20 1 21 1 22 1 23 1 24 1 25 1 26 1 27 1 28 1 29 1 30 1 31 1 32 1 33 1 34 1 35 1 36 1 37 1 38 1 39 1 40 1 41 1 42 1 43 1 44 1 45 1 46 1 47 1 48 1 49 1 50 1 51 1 52 1 53 1 54 1 55 1 56 1 57 1 58 1 59 1 60 1 61 1 62 1 63 1 64 1 65 1 66 1 67 1 68 1 69 1 ;
param conTransf := 1 1 2 1 3 1 4 1 5 1 6 1 7 1 8 1 9 1 10 1 11 1 12 1 13 1 14 1 15 1 16 1 17 1 18 1 19 1 20 1 21 1 22 1 23 1 24 1 25 1 26 1 27 1 28 1 29 1 30 1 31 1 32 1 33 1 34 1 35 1 36 1 37 1 38 1 39 1 40 1 41 1 42 1 43 1 44 1 45 1 46 1 47 1 48 1 49 1 50 1 51 1 52 1 53 1 54 1 55 1 56 1 57 1 58 1 59 1 60 1 61 1 62 1 63 1 64 1 65 1 66 1 67 1 68 1 69 1 ;
param tenor := 1 ON 2 ON 3 ON 4 ON 5 ON 6 ON 7 ON 8 ON 9 ON 10 ON 11 ON 12 ON 13 ON 14 ON 15 ON 16 ON 17 ON 18 ON 19 ON 20 ON 21 3M 22 3M 23 3M 24 3M 25 3M 26 3M 27 3M 28 3M 29 3M 30 3M 31 6M 32 6M 33 6M 34 6M 35 3M 36 3M 37 3M 38 3M 39 3M 40 3M 41 3M 42 3M 43 3M 44 3M 45 3M 46 3M 47 3M 48 3M 49 3M 50 3M 51 3M 52 3M 53 3M 54 3M 55 3M 56 3M 57 3M 58 3M 59 3M 60 3M 61 3M 62 3M 63 3M 64 3M 65 3M 66 3M 67 3M 68 3M 69 3M ;
param currency := 1 EUR 2 EUR 3 EUR 4 EUR 5 EUR 6 USD 7 USD 8 USD 9 USD 10 USD 11 GBP 12 GBP 13 GBP 14 GBP 15 GBP 16 SEK 17 SEK 18 SEK 19 SEK 20 SEK 21 EUR 22 EUR 23 EUR 24 EUR 25 EUR 26 USD 27 USD 28 USD 29 USD 30 USD 31 GBP 32 GBP 33 GBP 34 GBP 35 SEK 36 SEK 37 SEK 38 SEK 39 SEK 40 EUR 41 EUR 42 EUR 43 EUR 44 EUR 45 USD 46 USD 47 USD 48 USD 49 USD 50 USD 51 USD 52 USD 53 USD 54 USD 55 GBP 56 GBP 57 GBP 58 GBP 59 GBP 60 GBP 61 GBP 62 EUR 63 USD 64 GBP 65 SEK 66 EUR 67 USD 68 GBP 69 SEK ;
param nF := 113;
param T := 0 0.0 1 0.08888888888888889 2 0.25555555555555554 3 0.3416666666666667 4 0.45833333333333337 5 0.5166666666666667 6 0.6430555555555556 7 0.70625 8 0.7694444444444445 9 0.9324074074074074 10 1.0138888888888888 11 1.1444444444444444 12 1.2097222222222221 13 1.275 14 1.4013888888888888 15 1.4645833333333331 16 1.5277777777777777 17 1.6541666666666666 18 1.717361111111111 19 1.7805555555555554 20 1.9069444444444443 21 1.9701388888888887 22 2.033333333333333 23 2.1597222222222223 24 2.2229166666666664 25 2.286111111111111 26 2.4124999999999996 27 2.475694444444444 28 2.5388888888888888 29 2.5416666666666665 30 2.668055555555555 31 2.7312499999999997 32 2.7944444444444443 33 2.961111111111111 34 3.0444444444444443 35 3.1708333333333334 36 3.2340277777777775 37 3.297222222222222 38 3.425 39 3.488888888888889 40 3.5527777777777776 41 3.6805555555555554 42 3.7444444444444445 43 3.808333333333333 44 3.9333333333333336 45 3.9958333333333336 46 4.058333333333334 47 4.186111111111112 48 4.25 49 4.313888888888889 50 4.441666666666666 51 4.5055555555555555 52 4.569444444444445 53 4.697222222222223 54 4.761111111111111 55 4.825 56 4.989814814814815 57 5.072222222222222 58 5.199999999999999 59 5.263888888888888 60 5.3277777777777775 61 5.455555555555556 62 5.519444444444444 63 5.583333333333333 64 5.713888888888889 65 5.779166666666667 66 5.844444444444444 67 6.0055555555555555 68 6.086111111111111 69 6.213888888888889 70 6.277777777777778 71 6.341666666666667 72 6.472222222222222 73 6.5375 74 6.602777777777778 75 6.729166666666666 76 6.792361111111111 77 6.855555555555555 78 7.018518518518518 79 7.1 80 7.230555555555555 81 7.2958333333333325 82 7.361111111111111 83 7.4875 84 7.550694444444444 85 7.613888888888889 86 7.740277777777777 87 7.803472222222222 88 7.866666666666666 89 7.993055555555555 90 8.056249999999999 91 8.119444444444444 92 8.245833333333334 93 8.309027777777777 94 8.372222222222222 95 8.5 96 8.56388888888889 97 8.627777777777778 98 8.755555555555556 99 8.819444444444445 100 8.883333333333333 101 9.04814814814815 102 9.130555555555556 103 9.258333333333333 104 9.322222222222223 105 9.386111111111111 106 9.51388888888889 107 9.57777777777778 108 9.641666666666667 109 9.769444444444446 110 9.833333333333334 111 9.897222222222222 112 10.062037037037037 113 10.144444444444444 ;
